000260701680070090190004500820100040004602900050003028009300074040050036703018000
435269781682571493197834562826195347374682915951743628519326874248957136763418259
800930002009000040702100960200000090060000070070006005027008406030000500500062008
846937152319625847752184963285713694463859271971246385127598436638471529594362718
082000700090206040300080005003000006058001230700003800600040002020907050005000470
582134769197256358346789125213478596458691237769523814671345982824917653935862471
000204090500010804730900000006000010009000400050000900000002071405030002010806000
681254793592317864734968125346795218129683457857421936968542371475139682213876549
001008057030050900600100380002000039003090100560000200015004008006020040790600500
921368457438257916657149382142576839873492165569813274215734698386925741794681523
060372000050000030020500970200015004003090600400630002097001060030000040000763020
968372415754189236321546978276815384513294687489637152897421563632958741145763829
060300804537090000040006307090051238000000000713620040306400010000060523102009080
261375894537894162948216357694751238825943671713628945356482719489167523172539486
000075006000206070620900450005000068000803000310000500096008014040602000500410000
184375926953246871627981453475129368269853147318764582796538214841692735532417690
000009073004000000900128000017000062300050008480000530000861004000000100860500000
158649273624735891973128645517483962396257418482916537239861754745392186861574329
000057020000040100370082400000000705500000009601000000002960043005020000060530000
146357928258649137379182456423896715587413269691275384712968543835724691964531872
100489006730000040000001295007120600500703008006095700914600000020000037800512004
152489376739256841468371295387124650591763428246895713914637582625948137873512964
009000000427060098000290370005000030003519600040000200032076000850030724000000900
369758412427163598518294376795642831283519647641387259932476185856931724174825963
020408100107000008060003070200006300080000040003240005050800090800000701002507080
529478136137659428468123579245986317681735942973241865756814293894362751312597684
006300000420000600070641300000000030030150070060207000005718060002000017000003800
156392748423875691879641325791486532238159476564237189945718263382564917617923854
000000000000000170007891036043009020008056700060103840820367900096000000000000000
931672458682534179457891236543789621218456793769123845825367914196245387374918562
000070530000100702000030094017080400604000907003000610780050000402001000035060000
946278531358149762271635894517986423624513987893427615789352146462791358135864279
508000903000000000406007801020078090604010307090030080302600508000000000901000406
578124963219863745436957821123578694684219357795436182342691578867345219951782436
000071480006008500090000000002000007900805002100900600000000040008100900049350000
325671489416298573897534261562413897974865132183927654251789346738146925649352718
600108000003060800700040600000009001900076002500400000006080009042090170000701004
654138297213967845789542613468259731931876452527413986176384529342695178895721364
400601007016300042000048601000000000102007409000500000807160000640009170200704006
438621597916375842725948631589412763162837459374596218857163924643289175291754386
000500070020034008001020405070003000609000301000800020904050800800690050050007000
493518672526734198781926435278163549649275381315849726964352817837691254152487963
900000486000090100200506000016035040020000060090680230000908004002050000649000008
953721486467893152281546973716235849328419765594687231175968324832154697649372518
008003700905700000030009000023004870000002000079380240000900020000007305006500400
268453719945718632731269584523194876814672953679385241457936128192847365386521497
000000020001430700067800410000000080800701006020000000079003140006057800080000000
438179625251436798967825413715362984893741256624598371579683142146257839382914567
000020000000703006000000472002079060701508904080610500845000000200306000000040000
176924358428753196593861472352479861761538924984612537845297613219386745637145289
030480609000027000800300000019000000780002093000004870000005006000130000902048010
237481659694527138851369247419873562785612493326954871143295786578136924962748315
007000280004025000280004600090006000300000002000100090006200075000570400078000300
157369284634825917289714653792456138361987542845132798416293875923578461578641329
000060700400005803005003060010009000007020400000100020020700300103500009006040000
931864752462975813785213694218459637357628491649137528524791386173586249896342175
000802000010000000680450090006000407008109200703000900050048069000000010000305000
379862145415937628682451793196523487548179236723684951251748369837296514964315872
050006007004000005000490610007004001082000760500800900096038000300000100700500030
859316427614782395273495618937624851482159763561873942196238574325947186748561239


